Amino Acid: 0/6
Amino Acid: 0/6
Amino Acid: 0/6
Amino Acid: 0/6
Amino Acid: 0/6
Amino Acid: 0/6
Amino Acid: 0/6
Amino Acid: 0/6
Complete
resPairString: [(0, 5),(1, 5)]
subMatrixList: [array([[ 0.00000000e+00, -1.99225020e-05,  3.48925863e-01,
         1.33733168e+00,  1.37664909e+00,  6.79324208e+00],
       [-1.99225020e-05,  0.00000000e+00,  3.83788814e-04,
         7.20901577e-01,  7.13237505e-01,  5.88803091e+00],
       [ 3.48925863e-01,  3.83788814e-04,  0.00000000e+00,
         0.00000000e+00,  0.00000000e+00,  4.17109094e+00],
       [ 1.33733168e+00,  7.20901577e-01,  0.00000000e+00,
         0.00000000e+00,  0.00000000e+00,  4.12962776e+00],
       [ 1.37664909e+00,  7.13237505e-01,  0.00000000e+00,
         0.00000000e+00,  0.00000000e+00,  1.14712291e+00],
       [ 6.79324208e+00,  5.88803091e+00,  4.17109094e+00,
         4.12962776e+00,  1.14712291e+00,  0.00000000e+00]]), array([[ 0.00000000e+00, -7.33085558e-05,  4.57596154e-01,
         1.08684596e+00,  1.10214618e+00,  5.88803091e+00],
       [-7.33085558e-05,  0.00000000e+00,  3.53362072e-04,
         6.63748566e-01,  6.56692100e-01,  5.42122836e+00],
       [ 4.57596154e-01,  3.53362072e-04,  0.00000000e+00,
         0.00000000e+00,  0.00000000e+00,  3.84040723e+00],
       [ 1.08684596e+00,  6.63748566e-01,  0.00000000e+00,
         0.00000000e+00,  0.00000000e+00,  3.80223125e+00],
       [ 1.10214618e+00,  6.56692100e-01,  0.00000000e+00,
         0.00000000e+00,  0.00000000e+00,  1.05617911e+00],
       [ 5.88803091e+00,  5.42122836e+00,  3.84040723e+00,
         3.80223125e+00,  1.05617911e+00,  0.00000000e+00]])]
subMatrixShape: (2, 6, 6)
resPairString: [(0, 4),(1, 4)]
subMatrixList: [array([[0.00000000e+00, 3.77857509e-05, 1.11162446e-01, 3.42481606e-01,
        3.46927193e-01, 1.37664909e+00],
       [3.77857509e-05, 0.00000000e+00, 7.18391906e-05, 1.34941363e-01,
        1.33506770e-01, 1.10214618e+00],
       [1.11162446e-01, 7.18391906e-05, 0.00000000e+00, 0.00000000e+00,
        0.00000000e+00, 7.80762196e-01],
       [3.42481606e-01, 1.34941363e-01, 0.00000000e+00, 0.00000000e+00,
        0.00000000e+00, 7.73000945e-01],
       [3.46927193e-01, 1.33506770e-01, 0.00000000e+00, 0.00000000e+00,
        0.00000000e+00, 2.14723250e-01],
       [1.37664909e+00, 1.10214618e+00, 7.80762196e-01, 7.73000945e-01,
        2.14723250e-01, 0.00000000e+00]]), array([[ 0.00000000e+00, -8.88011836e-06,  5.54302013e-02,
         1.31653402e-01,  1.33506770e-01,  7.13237505e-01],
       [-8.88011836e-06,  0.00000000e+00,  4.28039673e-05,
         8.04021545e-02,  7.95473805e-02,  6.56692100e-01],
       [ 5.54302013e-02,  4.28039673e-05,  0.00000000e+00,
         0.00000000e+00,  0.00000000e+00,  4.65201782e-01],
       [ 1.31653402e-01,  8.04021545e-02,  0.00000000e+00,
         0.00000000e+00,  0.00000000e+00,  4.60577393e-01],
       [ 1.33506770e-01,  7.95473805e-02,  0.00000000e+00,
         0.00000000e+00,  0.00000000e+00,  1.27938621e-01],
       [ 7.13237505e-01,  6.56692100e-01,  4.65201782e-01,
         4.60577393e-01,  1.27938621e-01,  0.00000000e+00]])]
subMatrixShape: (2, 6, 6)
resPairString: [(0, 4),(1, 4)]
subMatrixList: [array([[0.00000000e+00, 3.77857509e-05, 1.11162446e-01, 3.42481606e-01,
        3.46927193e-01, 1.37664909e+00],
       [3.77857509e-05, 0.00000000e+00, 7.18391906e-05, 1.34941363e-01,
        1.33506770e-01, 1.10214618e+00],
       [1.11162446e-01, 7.18391906e-05, 0.00000000e+00, 0.00000000e+00,
        0.00000000e+00, 7.80762196e-01],
       [3.42481606e-01, 1.34941363e-01, 0.00000000e+00, 0.00000000e+00,
        0.00000000e+00, 7.73000945e-01],
       [3.46927193e-01, 1.33506770e-01, 0.00000000e+00, 0.00000000e+00,
        0.00000000e+00, 2.14723250e-01],
       [1.37664909e+00, 1.10214618e+00, 7.80762196e-01, 7.73000945e-01,
        2.14723250e-01, 0.00000000e+00]]), array([[ 0.00000000e+00, -8.88011836e-06,  5.54302013e-02,
         1.31653402e-01,  1.33506770e-01,  7.13237505e-01],
       [-8.88011836e-06,  0.00000000e+00,  4.28039673e-05,
         8.04021545e-02,  7.95473805e-02,  6.56692100e-01],
       [ 5.54302013e-02,  4.28039673e-05,  0.00000000e+00,
         0.00000000e+00,  0.00000000e+00,  4.65201782e-01],
       [ 1.31653402e-01,  8.04021545e-02,  0.00000000e+00,
         0.00000000e+00,  0.00000000e+00,  4.60577393e-01],
       [ 1.33506770e-01,  7.95473805e-02,  0.00000000e+00,
         0.00000000e+00,  0.00000000e+00,  1.27938621e-01],
       [ 7.13237505e-01,  6.56692100e-01,  4.65201782e-01,
         4.60577393e-01,  1.27938621e-01,  0.00000000e+00]])]
subMatrixShape: (2, 6, 6)
