Reading from: SimpleToyModel/toy-model-2-2.pdb
Writing to: SimpleToyModel/toy-model-2-2.csv
Reading from: SimpleToyModel/toy-model-2-2.csv
Deleting: SimpleToyModel/toy-model-2-2.csv
Reading from: SimpleToyModel/toy-model-2-1.pdb
Writing to: SimpleToyModel/toy-model-2-1.csv
Reading from: SimpleToyModel/toy-model-2-1.csv
Deleting: SimpleToyModel/toy-model-2-1.csv
Reading from: SimpleToyModel/toy-model-2-4.pdb
Writing to: SimpleToyModel/toy-model-2-4.csv
Reading from: SimpleToyModel/toy-model-2-4.csv
Deleting: SimpleToyModel/toy-model-2-4.csv
Reading from: SimpleToyModel/toy-model-1-3.pdb
Writing to: SimpleToyModel/toy-model-1-3.csv
Reading from: SimpleToyModel/toy-model-1-3.csv
Deleting: SimpleToyModel/toy-model-1-3.csv
Reading from: SimpleToyModel/toy-model-1-2.pdb
Writing to: SimpleToyModel/toy-model-1-2.csv
Reading from: SimpleToyModel/toy-model-1-2.csv
Deleting: SimpleToyModel/toy-model-1-2.csv
Reading from: SimpleToyModel/toy-model-1-1.pdb
Writing to: SimpleToyModel/toy-model-1-1.csv
Reading from: SimpleToyModel/toy-model-1-1.csv
Deleting: SimpleToyModel/toy-model-1-1.csv
Reading from: SimpleToyModel/toy-model-1-4.pdb
Writing to: SimpleToyModel/toy-model-1-4.csv
Reading from: SimpleToyModel/toy-model-1-4.csv
Deleting: SimpleToyModel/toy-model-1-4.csv
Reading from: SimpleToyModel/toy-model-2-3.pdb
Writing to: SimpleToyModel/toy-model-2-3.csv
Reading from: SimpleToyModel/toy-model-2-3.csv
Deleting: SimpleToyModel/toy-model-2-3.csv
Removing side chains for SimpleToyModel/toy-model-2-2.pdb
Stripping down to alpha carbons for SimpleToyModel/toy-model-2-2.pdb
Removing side chains for SimpleToyModel/toy-model-2-1.pdb
Stripping down to alpha carbons for SimpleToyModel/toy-model-2-1.pdb
Removing side chains for SimpleToyModel/toy-model-2-4.pdb
Stripping down to alpha carbons for SimpleToyModel/toy-model-2-4.pdb
Removing side chains for SimpleToyModel/toy-model-1-3.pdb
Stripping down to alpha carbons for SimpleToyModel/toy-model-1-3.pdb
Removing side chains for SimpleToyModel/toy-model-1-2.pdb
Stripping down to alpha carbons for SimpleToyModel/toy-model-1-2.pdb
Removing side chains for SimpleToyModel/toy-model-1-1.pdb
Stripping down to alpha carbons for SimpleToyModel/toy-model-1-1.pdb
Removing side chains for SimpleToyModel/toy-model-1-4.pdb
Stripping down to alpha carbons for SimpleToyModel/toy-model-1-4.pdb
Removing side chains for SimpleToyModel/toy-model-2-3.pdb
Stripping down to alpha carbons for SimpleToyModel/toy-model-2-3.pdb
Writing to: SimpleToyModel/toy-model-2-2Formatted.pdb
Writing to: SimpleToyModel/toy-model-2-1Formatted.pdb
Writing to: SimpleToyModel/toy-model-2-4Formatted.pdb
Writing to: SimpleToyModel/toy-model-1-3Formatted.pdb
Writing to: SimpleToyModel/toy-model-1-2Formatted.pdb
Writing to: SimpleToyModel/toy-model-1-1Formatted.pdb
Writing to: SimpleToyModel/toy-model-1-4Formatted.pdb
Writing to: SimpleToyModel/toy-model-2-3Formatted.pdb
Reading from: SimpleToyModel/toy-model-2-2Formatted.pdb
Writing to: SimpleToyModel/toy-model-2-2Formatted.csv
Reading from: SimpleToyModel/toy-model-2-2Formatted.csv
Deleting: SimpleToyModel/toy-model-2-2Formatted.csv
Recognizing common chain A
Reading from: SimpleToyModel/toy-model-2-1Formatted.pdb
Writing to: SimpleToyModel/toy-model-2-1Formatted.csv
Reading from: SimpleToyModel/toy-model-2-1Formatted.csv
Deleting: SimpleToyModel/toy-model-2-1Formatted.csv
Reading from: SimpleToyModel/toy-model-2-4Formatted.pdb
Writing to: SimpleToyModel/toy-model-2-4Formatted.csv
Reading from: SimpleToyModel/toy-model-2-4Formatted.csv
Deleting: SimpleToyModel/toy-model-2-4Formatted.csv
Reading from: SimpleToyModel/toy-model-1-3Formatted.pdb
Writing to: SimpleToyModel/toy-model-1-3Formatted.csv
Reading from: SimpleToyModel/toy-model-1-3Formatted.csv
Deleting: SimpleToyModel/toy-model-1-3Formatted.csv
Reading from: SimpleToyModel/toy-model-1-2Formatted.pdb
Writing to: SimpleToyModel/toy-model-1-2Formatted.csv
Reading from: SimpleToyModel/toy-model-1-2Formatted.csv
Deleting: SimpleToyModel/toy-model-1-2Formatted.csv
Reading from: SimpleToyModel/toy-model-1-1Formatted.pdb
Writing to: SimpleToyModel/toy-model-1-1Formatted.csv
Reading from: SimpleToyModel/toy-model-1-1Formatted.csv
Deleting: SimpleToyModel/toy-model-1-1Formatted.csv
Reading from: SimpleToyModel/toy-model-1-4Formatted.pdb
Writing to: SimpleToyModel/toy-model-1-4Formatted.csv
Reading from: SimpleToyModel/toy-model-1-4Formatted.csv
Deleting: SimpleToyModel/toy-model-1-4Formatted.csv
Reading from: SimpleToyModel/toy-model-2-3Formatted.pdb
Writing to: SimpleToyModel/toy-model-2-3Formatted.csv
Reading from: SimpleToyModel/toy-model-2-3Formatted.csv
Deleting: SimpleToyModel/toy-model-2-3Formatted.csv
Detected the following chains common to all pdb files:
Chain: A Max Residue: 6
Calculating distance matrix for: SimpleToyModel/toy-model-2-2Formatted.pdb
Reading from: SimpleToyModel/toy-model-2-2Formatted.pdb
Writing to: SimpleToyModel/toy-model-2-2Formatted.csv
Reading from: SimpleToyModel/toy-model-2-2Formatted.csv
Deleting: SimpleToyModel/toy-model-2-2Formatted.csv
Amino Acid: 0/6
[[ 0.          3.80203761  6.68245239  9.67673881 12.87178931 12.40479004]
 [ 3.80203761  0.          3.80190557  6.37149888  9.95096227  9.45310245]
 [ 6.68245239  3.80190557  0.          3.80201026  6.90460904  7.39235889]
 [ 9.67673881  6.37149888  3.80201026  0.          3.80188611  3.84914458]
 [12.87178931  9.95096227  6.90460904  3.80188611  0.          2.9530215 ]
 [12.40479004  9.45310245  7.39235889  3.84914458  2.9530215   0.        ]]
Calculating distance matrix for: SimpleToyModel/toy-model-2-1Formatted.pdb
Reading from: SimpleToyModel/toy-model-2-1Formatted.pdb
Writing to: SimpleToyModel/toy-model-2-1Formatted.csv
Reading from: SimpleToyModel/toy-model-2-1Formatted.csv
Deleting: SimpleToyModel/toy-model-2-1Formatted.csv
Amino Acid: 0/6
[[ 0.          3.80161137  7.15688557  8.9506664  12.22787508 11.01296441]
 [ 3.80161137  0.          3.80190557  6.37149888  9.95096227  9.45310245]
 [ 7.15688557  3.80190557  0.          3.80201026  6.90460904  7.39235889]
 [ 8.9506664   6.37149888  3.80201026  0.          3.80188611  3.84914458]
 [12.22787508  9.95096227  6.90460904  3.80188611  0.          2.9530215 ]
 [11.01296441  9.45310245  7.39235889  3.84914458  2.9530215   0.        ]]
Calculating distance matrix for: SimpleToyModel/toy-model-2-4Formatted.pdb
Reading from: SimpleToyModel/toy-model-2-4Formatted.pdb
Writing to: SimpleToyModel/toy-model-2-4Formatted.csv
Reading from: SimpleToyModel/toy-model-2-4Formatted.csv
Deleting: SimpleToyModel/toy-model-2-4Formatted.csv
Amino Acid: 0/6
[[ 0.          3.8018723   5.86920991  8.77628355 12.41060687 12.33604033]
 [ 3.8018723   0.          3.80190557  6.37149888  9.95096227  9.45310245]
 [ 5.86920991  3.80190557  0.          3.80201026  6.90460904  7.39235889]
 [ 8.77628355  6.37149888  3.80201026  0.          3.80188611  3.84914458]
 [12.41060687  9.95096227  6.90460904  3.80188611  0.          2.9530215 ]
 [12.33604033  9.45310245  7.39235889  3.84914458  2.9530215   0.        ]]
Calculating distance matrix for: SimpleToyModel/toy-model-1-3Formatted.pdb
Reading from: SimpleToyModel/toy-model-1-3Formatted.pdb
Writing to: SimpleToyModel/toy-model-1-3Formatted.csv
Reading from: SimpleToyModel/toy-model-1-3Formatted.csv
Deleting: SimpleToyModel/toy-model-1-3Formatted.csv
Amino Acid: 0/6
[[ 0.          3.80202446  7.17746104 10.1352735  13.67985705 16.92127271]
 [ 3.80202446  0.          3.8021895   6.90481998 10.47861351 13.80905232]
 [ 7.17746104  3.8021895   0.          3.80201026  6.90460904 10.47812106]
 [10.1352735   6.90481998  3.80201026  0.          3.80188611  6.9042324 ]
 [13.67985705 10.47861351  6.90460904  3.80188611  0.          3.80166003]
 [16.92127271 13.80905232 10.47812106  6.9042324   3.80166003  0.        ]]
Calculating distance matrix for: SimpleToyModel/toy-model-1-2Formatted.pdb
Reading from: SimpleToyModel/toy-model-1-2Formatted.pdb
Writing to: SimpleToyModel/toy-model-1-2Formatted.csv
Reading from: SimpleToyModel/toy-model-1-2Formatted.csv
Deleting: SimpleToyModel/toy-model-1-2Formatted.csv
Amino Acid: 0/6
[[ 0.          3.80138541  6.36471413  9.73936199 12.9972424  16.44955467]
 [ 3.80138541  0.          3.8021895   6.90481998 10.47861351 13.80905232]
 [ 6.36471413  3.8021895   0.          3.80201026  6.90460904 10.47812106]
 [ 9.73936199  6.90481998  3.80201026  0.          3.80188611  6.9042324 ]
 [12.9972424  10.47861351  6.90460904  3.80188611  0.          3.80166003]
 [16.44955467 13.80905232 10.47812106  6.9042324   3.80166003  0.        ]]
Calculating distance matrix for: SimpleToyModel/toy-model-1-1Formatted.pdb
Reading from: SimpleToyModel/toy-model-1-1Formatted.pdb
Writing to: SimpleToyModel/toy-model-1-1Formatted.csv
Reading from: SimpleToyModel/toy-model-1-1Formatted.csv
Deleting: SimpleToyModel/toy-model-1-1Formatted.csv
Amino Acid: 0/6
[[ 0.          3.80179024  6.90480543 10.47858531 13.80941425 17.33426713]
 [ 3.80179024  0.          3.8021895   6.90481998 10.47861351 13.80905232]
 [ 6.90480543  3.8021895   0.          3.80201026  6.90460904 10.47812106]
 [10.47858531  6.90481998  3.80201026  0.          3.80188611  6.9042324 ]
 [13.80941425 10.47861351  6.90460904  3.80188611  0.          3.80166003]
 [17.33426713 13.80905232 10.47812106  6.9042324   3.80166003  0.        ]]
Calculating distance matrix for: SimpleToyModel/toy-model-1-4Formatted.pdb
Reading from: SimpleToyModel/toy-model-1-4Formatted.pdb
Writing to: SimpleToyModel/toy-model-1-4Formatted.csv
Reading from: SimpleToyModel/toy-model-1-4Formatted.csv
Deleting: SimpleToyModel/toy-model-1-4Formatted.csv
Amino Acid: 0/6
[[ 0.          3.80203222  6.41183515  7.89381517 11.68923505 14.33579558]
 [ 3.80203222  0.          3.8021895   6.90481998 10.47861351 13.80905232]
 [ 6.41183515  3.8021895   0.          3.80201026  6.90460904 10.47812106]
 [ 7.89381517  6.90481998  3.80201026  0.          3.80188611  6.9042324 ]
 [11.68923505 10.47861351  6.90460904  3.80188611  0.          3.80166003]
 [14.33579558 13.80905232 10.47812106  6.9042324   3.80166003  0.        ]]
Calculating distance matrix for: SimpleToyModel/toy-model-2-3Formatted.pdb
Reading from: SimpleToyModel/toy-model-2-3Formatted.pdb
Writing to: SimpleToyModel/toy-model-2-3Formatted.csv
Reading from: SimpleToyModel/toy-model-2-3Formatted.csv
Deleting: SimpleToyModel/toy-model-2-3Formatted.csv
Amino Acid: 0/6
[[ 0.          3.8016478   6.0833813   9.57415511 12.92945498 12.92889748]
 [ 3.8016478   0.          3.80190557  6.37149888  9.95096227  9.45310245]
 [ 6.0833813   3.80190557  0.          3.80201026  6.90460904  7.39235889]
 [ 9.57415511  6.37149888  3.80201026  0.          3.80188611  3.84914458]
 [12.92945498  9.95096227  6.90460904  3.80188611  0.          2.9530215 ]
 [12.92889748  9.45310245  7.39235889  3.84914458  2.9530215   0.        ]]
[[ 0.00000000e+00  4.26242717e-04 -4.74433172e-01  7.26072410e-01
   6.43914227e-01  1.39182564e+00]
 [ 4.26242717e-04  0.00000000e+00  0.00000000e+00  0.00000000e+00
   0.00000000e+00  0.00000000e+00]
 [-4.74433172e-01  0.00000000e+00  0.00000000e+00  0.00000000e+00
   0.00000000e+00  0.00000000e+00]
 [ 7.26072410e-01  0.00000000e+00  0.00000000e+00  0.00000000e+00
   0.00000000e+00  0.00000000e+00]
 [ 6.43914227e-01  0.00000000e+00  0.00000000e+00  0.00000000e+00
   0.00000000e+00  0.00000000e+00]
 [ 1.39182564e+00  0.00000000e+00  0.00000000e+00  0.00000000e+00
   0.00000000e+00  0.00000000e+00]]
Saving difference matrix to: SimpleToyModel/toy-model-2-2_Minus_toy-model-2-1.npy
[[0.00000000e+00 1.65309691e-04 8.13242481e-01 9.00455257e-01
  4.61182434e-01 6.87497135e-02]
 [1.65309691e-04 0.00000000e+00 0.00000000e+00 0.00000000e+00
  0.00000000e+00 0.00000000e+00]
 [8.13242481e-01 0.00000000e+00 0.00000000e+00 0.00000000e+00
  0.00000000e+00 0.00000000e+00]
 [9.00455257e-01 0.00000000e+00 0.00000000e+00 0.00000000e+00
  0.00000000e+00 0.00000000e+00]
 [4.61182434e-01 0.00000000e+00 0.00000000e+00 0.00000000e+00
  0.00000000e+00 0.00000000e+00]
 [6.87497135e-02 0.00000000e+00 0.00000000e+00 0.00000000e+00
  0.00000000e+00 0.00000000e+00]]
Saving difference matrix to: SimpleToyModel/toy-model-2-2_Minus_toy-model-2-4.npy
[[ 0.00000000e+00  1.31508658e-05 -4.95008647e-01 -4.58534694e-01
  -8.08067745e-01 -4.51648266e+00]
 [ 1.31508658e-05  0.00000000e+00 -2.83925961e-04 -5.33321101e-01
  -5.27651241e-01 -4.35594987e+00]
 [-4.95008647e-01 -2.83925961e-04  0.00000000e+00  0.00000000e+00
   0.00000000e+00 -3.08576217e+00]
 [-4.58534694e-01 -5.33321101e-01  0.00000000e+00  0.00000000e+00
   0.00000000e+00 -3.05508782e+00]
 [-8.08067745e-01 -5.27651241e-01  0.00000000e+00  0.00000000e+00
   0.00000000e+00 -8.48638529e-01]
 [-4.51648266e+00 -4.35594987e+00 -3.08576217e+00 -3.05508782e+00
  -8.48638529e-01  0.00000000e+00]]
Saving difference matrix to: SimpleToyModel/toy-model-2-2_Minus_toy-model-1-3.npy
[[ 0.00000000e+00  6.52206248e-04  3.17738261e-01 -6.26231813e-02
  -1.25453091e-01 -4.04476463e+00]
 [ 6.52206248e-04  0.00000000e+00 -2.83925961e-04 -5.33321101e-01
  -5.27651241e-01 -4.35594987e+00]
 [ 3.17738261e-01 -2.83925961e-04  0.00000000e+00  0.00000000e+00
   0.00000000e+00 -3.08576217e+00]
 [-6.26231813e-02 -5.33321101e-01  0.00000000e+00  0.00000000e+00
   0.00000000e+00 -3.05508782e+00]
 [-1.25453091e-01 -5.27651241e-01  0.00000000e+00  0.00000000e+00
   0.00000000e+00 -8.48638529e-01]
 [-4.04476463e+00 -4.35594987e+00 -3.08576217e+00 -3.05508782e+00
  -8.48638529e-01  0.00000000e+00]]
Saving difference matrix to: SimpleToyModel/toy-model-2-2_Minus_toy-model-1-2.npy
[[ 0.00000000e+00  2.47375406e-04 -2.22353034e-01 -8.01846495e-01
  -9.37624944e-01 -4.92947709e+00]
 [ 2.47375406e-04  0.00000000e+00 -2.83925961e-04 -5.33321101e-01
  -5.27651241e-01 -4.35594987e+00]
 [-2.22353034e-01 -2.83925961e-04  0.00000000e+00  0.00000000e+00
   0.00000000e+00 -3.08576217e+00]
 [-8.01846495e-01 -5.33321101e-01  0.00000000e+00  0.00000000e+00
   0.00000000e+00 -3.05508782e+00]
 [-9.37624944e-01 -5.27651241e-01  0.00000000e+00  0.00000000e+00
   0.00000000e+00 -8.48638529e-01]
 [-4.92947709e+00 -4.35594987e+00 -3.08576217e+00 -3.05508782e+00
  -8.48638529e-01  0.00000000e+00]]
Saving difference matrix to: SimpleToyModel/toy-model-2-2_Minus_toy-model-1-1.npy
[[ 0.00000000e+00  5.39184948e-06  2.70617243e-01  1.78292364e+00
   1.18255426e+00 -1.93100554e+00]
 [ 5.39184948e-06  0.00000000e+00 -2.83925961e-04 -5.33321101e-01
  -5.27651241e-01 -4.35594987e+00]
 [ 2.70617243e-01 -2.83925961e-04  0.00000000e+00  0.00000000e+00
   0.00000000e+00 -3.08576217e+00]
 [ 1.78292364e+00 -5.33321101e-01  0.00000000e+00  0.00000000e+00
   0.00000000e+00 -3.05508782e+00]
 [ 1.18255426e+00 -5.27651241e-01  0.00000000e+00  0.00000000e+00
   0.00000000e+00 -8.48638529e-01]
 [-1.93100554e+00 -4.35594987e+00 -3.08576217e+00 -3.05508782e+00
  -8.48638529e-01  0.00000000e+00]]
Saving difference matrix to: SimpleToyModel/toy-model-2-2_Minus_toy-model-1-4.npy
[[ 0.00000000e+00  3.89810972e-04  5.99071098e-01  1.02583704e-01
  -5.76656685e-02 -5.24107436e-01]
 [ 3.89810972e-04  0.00000000e+00  0.00000000e+00  0.00000000e+00
   0.00000000e+00  0.00000000e+00]
 [ 5.99071098e-01  0.00000000e+00  0.00000000e+00  0.00000000e+00
   0.00000000e+00  0.00000000e+00]
 [ 1.02583704e-01  0.00000000e+00  0.00000000e+00  0.00000000e+00
   0.00000000e+00  0.00000000e+00]
 [-5.76656685e-02  0.00000000e+00  0.00000000e+00  0.00000000e+00
   0.00000000e+00  0.00000000e+00]
 [-5.24107436e-01  0.00000000e+00  0.00000000e+00  0.00000000e+00
   0.00000000e+00  0.00000000e+00]]
Saving difference matrix to: SimpleToyModel/toy-model-2-2_Minus_toy-model-2-3.npy
Generating covariance index to residue pair map
Computation complete, plot outputted to: SimpleToyModel/toy-model-2-2_Minus_toy-model-2-1.html
Computation complete, plot outputted to: SimpleToyModel/toy-model-2-2_Minus_toy-model-2-4.html
Computation complete, plot outputted to: SimpleToyModel/toy-model-2-2_Minus_toy-model-1-3.html
Computation complete, plot outputted to: SimpleToyModel/toy-model-2-2_Minus_toy-model-1-2.html
Computation complete, plot outputted to: SimpleToyModel/toy-model-2-2_Minus_toy-model-1-1.html
Computation complete, plot outputted to: SimpleToyModel/toy-model-2-2_Minus_toy-model-1-4.html
Computation complete, plot outputted to: SimpleToyModel/toy-model-2-2_Minus_toy-model-2-3.html
Generating covariance matrix
Choosing scale of: 15.0
Outputting covariance matrix plot
Computation complete, plot outputted to: CovarianceMatrix.html
Reference used: SimpleToyModel/toy-model-2-2.pdb
[[ 5.53826827e-08  1.55701373e-05 -5.52161937e-05 -1.45278897e-05
   6.72853597e-05  7.91666979e-09  1.48705213e-05  1.47124293e-05
   1.21456371e-04  0.00000000e+00  0.00000000e+00  8.60398960e-05
   0.00000000e+00  8.51846071e-05  2.36624752e-05]
 [ 1.55701373e-05  2.70088976e-01  1.77364039e-01  1.47031750e-01
   3.79911462e-01  2.79771188e-05  5.25516856e-02  5.19929964e-02
   4.29220797e-01  0.00000000e+00  0.00000000e+00  3.04060730e-01
   0.00000000e+00  3.01038182e-01  8.36220151e-02]
 [-5.52161937e-05  1.77364039e-01  7.83320620e-01  6.67214955e-01
   1.39710461e+00  3.74287946e-05  7.03055328e-02  6.95580983e-02
   5.74227000e-01  0.00000000e+00  0.00000000e+00  4.06783367e-01
   0.00000000e+00  4.02739693e-01  1.11872536e-01]
 [-1.45278897e-05  1.47031750e-01  6.67214955e-01  5.93088677e-01
   1.36603906e+00  4.22880579e-05  7.94330801e-02  7.85886086e-02
   6.48777095e-01  0.00000000e+00  0.00000000e+00  4.59594779e-01
   0.00000000e+00  4.55026127e-01  1.26396597e-01]
 [ 6.72853597e-05  3.79911462e-01  1.39710461e+00  1.36603906e+00
   6.17152819e+00  3.38081873e-04  6.35046533e-01  6.28295205e-01
   5.18680182e+00  0.00000000e+00  0.00000000e+00  3.67433908e+00
   0.00000000e+00  3.63781392e+00  1.01050747e+00]
 [ 7.91666979e-09  2.79771188e-05  3.74287946e-05  4.22880579e-05
   3.38081873e-04  2.30325575e-08  4.32639160e-05  4.28039673e-05
   3.53362072e-04  0.00000000e+00  0.00000000e+00  2.50322282e-04
   0.00000000e+00  2.47833927e-04  6.88430027e-05]
 [ 1.48705213e-05  5.25516856e-02  7.03055328e-02  7.94330801e-02
   6.35046533e-01  4.32639160e-05  8.12661135e-02  8.04021545e-02
   6.63748566e-01  0.00000000e+00  0.00000000e+00  4.70200594e-01
   0.00000000e+00  4.65526514e-01  1.29313381e-01]
 [ 1.47124293e-05  5.19929964e-02  6.95580983e-02  7.85886086e-02
   6.28295205e-01  4.28039673e-05  8.04021545e-02  7.95473805e-02
   6.56692100e-01  0.00000000e+00  0.00000000e+00  4.65201782e-01
   0.00000000e+00  4.60577393e-01  1.27938621e-01]
 [ 1.21456371e-04  4.29220797e-01  5.74227000e-01  6.48777095e-01
   5.18680182e+00  3.53362072e-04  6.63748566e-01  6.56692100e-01
   5.42122836e+00  0.00000000e+00  0.00000000e+00  3.84040723e+00
   0.00000000e+00  3.80223125e+00  1.05617911e+00]
 [ 0.00000000e+00  0.00000000e+00  0.00000000e+00  0.00000000e+00
   0.00000000e+00  0.00000000e+00  0.00000000e+00  0.00000000e+00
   0.00000000e+00  0.00000000e+00  0.00000000e+00  0.00000000e+00
   0.00000000e+00  0.00000000e+00  0.00000000e+00]
 [ 0.00000000e+00  0.00000000e+00  0.00000000e+00  0.00000000e+00
   0.00000000e+00  0.00000000e+00  0.00000000e+00  0.00000000e+00
   0.00000000e+00  0.00000000e+00  0.00000000e+00  0.00000000e+00
   0.00000000e+00  0.00000000e+00  0.00000000e+00]
 [ 8.60398960e-05  3.04060730e-01  4.06783367e-01  4.59594779e-01
   3.67433908e+00  2.50322282e-04  4.70200594e-01  4.65201782e-01
   3.84040723e+00  0.00000000e+00  0.00000000e+00  2.72055091e+00
   0.00000000e+00  2.69350697e+00  7.48199048e-01]
 [ 0.00000000e+00  0.00000000e+00  0.00000000e+00  0.00000000e+00
   0.00000000e+00  0.00000000e+00  0.00000000e+00  0.00000000e+00
   0.00000000e+00  0.00000000e+00  0.00000000e+00  0.00000000e+00
   0.00000000e+00  0.00000000e+00  0.00000000e+00]
 [ 8.51846071e-05  3.01038182e-01  4.02739693e-01  4.55026127e-01
   3.63781392e+00  2.47833927e-04  4.65526514e-01  4.60577393e-01
   3.80223125e+00  0.00000000e+00  0.00000000e+00  2.69350697e+00
   0.00000000e+00  2.66673188e+00  7.40761494e-01]
 [ 2.36624752e-05  8.36220151e-02  1.11872536e-01  1.26396597e-01
   1.01050747e+00  6.88430027e-05  1.29313381e-01  1.27938621e-01
   1.05617911e+00  0.00000000e+00  0.00000000e+00  7.48199048e-01
   0.00000000e+00  7.40761494e-01  2.05767815e-01]]
Total Computation Time: 3.2846598625183105 seconds
